# Herring Analysis
Maciej Tomczyk  
`r format(Sys.time(), '%d %B, %Y')`  



# Cel
Celem projektu jest określenie jakie mogą być główne przyczyny stopniowego zmniejszania się długości śledzi oceanicznych wyławianych w Europie.

Zbiór danych zostanie wczytany z pliku CSV, następnie musi zostać poddany wstępnemu oczyszczaniu.
# Opis zbioru danych
Analiza dotyczy zbióru danych na temat połowu śledzia oceanicznego w Europie. Do analizy zebrano pomiary śledzi i warunków w jakich żyją z ostatnich 60 lat. Dane były pobierane z połowów komercyjnych jednostek. W ramach połowu jednej jednostki losowo wybierano od 50 do 100 sztuk trzyletnich śledzi.

Poniżej znajdują się szczegółowe opisy konkretnych atrybutów:

| Nazwa kolumny |                     Opis                     |             Dodatkowa Informacja            |
|:-------------:|:--------------------------------------------:|:-------------------------------------------:|
|     length    |          długość złowionego śledzia          |                     [cm]                    |
|     cfin1     |             dostępność planktonu             |  [zagęszczenie Calanus finmarchicus gat. 1] |
|     cfin2     |             dostępność planktonu             |  [zagęszczenie Calanus finmarchicus gat. 2] |
|     chel1     |             dostępność planktonu             | [zagęszczenie Calanus helgolandicus gat. 1] |
|     chel2     |             dostępność planktonu             | [zagęszczenie Calanus helgolandicus gat. 2] |
|     lcop1     |             dostępność planktonu             |       [zagęszczenie widłonogów gat. 1]      |
|     lcop2     |             dostępność planktonu             |       [zagęszczenie widłonogów gat. 2]      |
|      fbar     |         natężenie połowów w regionie         |       [ułamek pozostawionego narybku]       |
|      recr     |                roczny narybek                |               [liczba śledzi]               |
|      cumf     |  łączne roczne natężenie połowów w regionie  |       [ułamek pozostawionego narybku]       |
|     totaln    | łączna liczba ryb złowionych w ramach połowu |               [liczba śledzi]               |
|      sst      |       temperatura przy powierzchni wody      |                     [°C]                    |
|      sal      |             poziom zasolenia wody            |                [Knudsen ppt]                |
|     xmonth    |                miesiąc połowu                |               [numer miesiąca]              |
|      nao      |         oscylacja północnoatlantycka         |                     [mb]                    |

# Wykorzystane biblioteki

```r
library(knitr)
library(ggplot2)
library(polycor)
library(heatmaply)
library(tidyr)
library(plotly)
library(VIM)
library(caret)
library(klaR)
library(dplyr)
```

# Powtwarzalne wyniki

```r
set.seed(23)
```

# Oczyszczenie danych
## Wczytanie danych z pliku CSV

```r
raw_data <- read.csv(file= "sledzie.csv", header= TRUE, sep= ",", na.strings= "?")
```

## Podstawowa analiza arybutów

```r
str(raw_data)
```

```
## 'data.frame':	52582 obs. of  16 variables:
##  $ X     : int  0 1 2 3 4 5 6 7 8 9 ...
##  $ length: num  23 22.5 25 25.5 24 22 24 23.5 22.5 22.5 ...
##  $ cfin1 : num  0.0278 0.0278 0.0278 0.0278 0.0278 ...
##  $ cfin2 : num  0.278 0.278 0.278 0.278 0.278 ...
##  $ chel1 : num  2.47 2.47 2.47 2.47 2.47 ...
##  $ chel2 : num  NA 21.4 21.4 21.4 21.4 ...
##  $ lcop1 : num  2.55 2.55 2.55 2.55 2.55 ...
##  $ lcop2 : num  26.4 26.4 26.4 26.4 26.4 ...
##  $ fbar  : num  0.356 0.356 0.356 0.356 0.356 0.356 0.356 0.356 0.356 0.356 ...
##  $ recr  : int  482831 482831 482831 482831 482831 482831 482831 482831 482831 482831 ...
##  $ cumf  : num  0.306 0.306 0.306 0.306 0.306 ...
##  $ totaln: num  267381 267381 267381 267381 267381 ...
##  $ sst   : num  14.3 14.3 14.3 14.3 14.3 ...
##  $ sal   : num  35.5 35.5 35.5 35.5 35.5 ...
##  $ xmonth: int  7 7 7 7 7 7 7 7 7 7 ...
##  $ nao   : num  2.8 2.8 2.8 2.8 2.8 2.8 2.8 2.8 2.8 2.8 ...
```
Zbiór zawiera 52582 rekordów rozmieszczonych w 16 kolumnach (z czego jedna jest kolumną porządkową).

## Zmiana kolumn
Zmienna _xmonth_, która reprezentuje miesiąc połowu powinna zostać zamieniona z ciągłej na kategoryczną, by nie traktować jej jako liczbę. Zmienna _totaln_, która reprezentuje łączną liczbę ryb złowionych, powinna zostać zmieniona na całkowitą.


```r
raw_data <- raw_data %>% 
  mutate(xmonth= as.factor(xmonth), totaln= round(totaln), totaln= as.integer(totaln))
```

## Problem pustych danych

```r
#Puste dane liczbowo na kolumnę
apply(raw_data, 2, function(x){ sum(is.na(x)) })
```

```
##      X length  cfin1  cfin2  chel1  chel2  lcop1  lcop2   fbar   recr 
##      0      0   1581   1536   1555   1556   1653   1591      0      0 
##   cumf totaln    sst    sal xmonth    nao 
##      0      0   1584      0      0      0
```

```r
#Puste dane procentowo na kolumnę
apply(raw_data, 2, function(x){ sum(is.na(x)) / length(x) })
```

```
##          X     length      cfin1      cfin2      chel1      chel2 
## 0.00000000 0.00000000 0.03006732 0.02921152 0.02957286 0.02959188 
##      lcop1      lcop2       fbar       recr       cumf     totaln 
## 0.03143661 0.03025750 0.00000000 0.00000000 0.00000000 0.00000000 
##        sst        sal     xmonth        nao 
## 0.03012438 0.00000000 0.00000000 0.00000000
```

Zbiór zawiera również wartości puste - te pojawiają się głównie w kolumnach z informacją o dostępności planktonu oraz temperaturze przy powierzchni wody.


```r
aggr(raw_data, plot= TRUE, 
     col= c('#fa9fb5', '#2b8cbe'), 
     numbers= TRUE, 
     prop= FALSE, 
     bars= FALSE, 
     labels= names(raw_data), 
     cex.axis= 0.8, 
     ylab=c("Histogram brakujących danych","Wzorzec"))
```

![](herring-analysis_files/figure-html/missing-values-graph-1.png)<!-- -->

Jak zobrazowano na wykresie powyżej, rozkład wartości pustych w kolumnach:

* cfin1 - dostępność planktonu -	skupisko Calanus finmarchicus gat. 1
* cfin2 - dostępność planktonu - skupisko Calanus finmarchicus gat. 2
* chel1 - dostępność planktonu - skupisko Calanus helgolandicus gat. 1
* chel2 - dostępność planktonu - skupisko Calanus helgolandicus gat. 2
* lcop1	- dostępność planktonu - skupisko widłonogów gat. 1
* lcop2	- dostępność planktonu - skupisko widłonogów gat. 2
* sst - temperatura przy powierzchni wody	stopnie °C

Usuwając wiersze z wartością NA, utracilibyśby stosunkowo dużo danych - lepszym pomysłem jest zastąpienie wartości brakującej średnią z konkretnego połowu. Bazując na fakcie, iż kolumny totaln, xmonth, nao definiują konkretny połów oraz nie zawierają one żadnych wartości pustych, posłużą one do grupowania. Dane zostały zgrupowane względem połowów, a następnie wartości puste zostały zamienione na średnią z tych połowów.


```r
data <- raw_data %>%
  group_by(totaln, xmonth, nao) %>%
  mutate_each(funs(replace(., which(is.na(.)),
                                mean(., na.rm=TRUE))))
```

## Problem duplikatów

```r
no_x <- data %>% select(-X)
sum(duplicated(no_x))
```

```
## [1] 45694
```

Możemy zaobserwować, iż 45694 rekordów to duplikaty. Pojawiają się one wewnątrz jednego połowu, dlatego usunięcie ich nie wpłynie negatywnie, ani nie sfałszuje danych. Dla uproszczenia grafów oraz dalszych obliczeń, wszystkie duplikaty zostały usunięte, tym samym zbiór danych uszczuplił się do 6888 rekordów.


```r
w_duplicates <- unique(no_x[, 1:15])
w_duplicates <- w_duplicates %>% 
  mutate(X = seq_len(n())) %>% 
  select(X, everything())
```

# Statystyki zbioru danych
## Podstawowa analiza arybutów

```r
str(w_duplicates)
```

```
## Classes 'grouped_df', 'tbl_df', 'tbl' and 'data.frame':	6888 obs. of  16 variables:
##  $ X     : int  1 2 3 4 5 6 7 1 2 3 ...
##  $ length: num  23 22.5 25 25.5 24 22 23.5 22.5 22 24.5 ...
##  $ cfin1 : num  0.0278 0.0278 0.0278 0.0278 0.0278 ...
##  $ cfin2 : num  0.278 0.278 0.278 0.278 0.278 ...
##  $ chel1 : num  2.47 2.47 2.47 2.47 2.47 ...
##  $ chel2 : num  21.4 21.4 21.4 21.4 21.4 ...
##  $ lcop1 : num  2.55 2.55 2.55 2.55 2.55 ...
##  $ lcop2 : num  26.4 26.4 26.4 26.4 26.4 ...
##  $ fbar  : num  0.356 0.356 0.356 0.356 0.356 0.356 0.356 0.356 0.356 0.356 ...
##  $ recr  : num  482831 482831 482831 482831 482831 ...
##  $ cumf  : num  0.306 0.306 0.306 0.306 0.306 ...
##  $ totaln: int  267381 267381 267381 267381 267381 267381 267381 267381 267381 267381 ...
##  $ sst   : num  14.3 14.3 14.3 14.3 14.3 ...
##  $ sal   : num  35.5 35.5 35.5 35.5 35.5 ...
##  $ xmonth: Factor w/ 12 levels "1","2","3","4",..: 7 7 7 7 7 7 7 6 6 6 ...
##  $ nao   : num  2.8 2.8 2.8 2.8 2.8 2.8 2.8 2.8 2.8 2.8 ...
##  - attr(*, "vars")=List of 3
##   ..$ : symbol totaln
##   ..$ : symbol xmonth
##   ..$ : symbol nao
##  - attr(*, "labels")='data.frame':	551 obs. of  3 variables:
##   ..$ totaln: int  144137 144137 144137 144137 144137 144137 144137 144137 144137 147332 ...
##   ..$ xmonth: Factor w/ 12 levels "1","2","3","4",..: 2 3 4 5 6 7 8 9 10 2 ...
##   ..$ nao   : num  0.17 0.17 0.17 0.17 0.17 0.17 0.17 0.17 0.17 2.52 ...
##   ..- attr(*, "vars")=List of 3
##   .. ..$ : symbol totaln
##   .. ..$ : symbol xmonth
##   .. ..$ : symbol nao
##   ..- attr(*, "drop")= logi TRUE
##  - attr(*, "indices")=List of 551
##   ..$ : int  3403 3404 3405 3406 3407 3408 3816 3831 3879 3920 ...
##   ..$ : int  3398 3399 3400 3401 3402
##   ..$ : int  3412 3413 3414 3415 3416 3417 3914 3929 4134 4135 ...
##   ..$ : int  3827 3828 3829 3830 3881 3963 3964 3965 3966 3983
##   ..$ : int  3334 3759 3760 3780 3781 3782 3787 3788 3794 3795 ...
##   ..$ : int  3348 3754 3755 3766 3767 3768 3785 3786 3820 3877
##   ..$ : int  3778 3779 3783 3784 3791 3792 3793 3813 3814 3815 ...
##   ..$ : int  3335 3336 3346 3347 3874 3875 3876 3878 3880
##   ..$ : int  3409 3410 3411 3427 3428 3429 3430
##   ..$ : int  2900 2901 2904 2905 2906 2907 2936 2937
##   ..$ : int  2888 2889 2890 2891 2892 2893 2894 2895 2899 3951 ...
##   ..$ : int  3977 3978
##   ..$ : int  2838 2839 2840 2841 2842 2852 2853 2873 2898 2902 ...
##   ..$ : int  2819 2820 2832 2833 2834 2835 2836 2837 2908 2909 ...
##   ..$ : int  2823 2824 2825 2826 2876 2877 2880 2881 2882 2883 ...
##   ..$ : int  3987 3988 4009 4129 4174
##   ..$ : int  3900 3901 3902 3903 3904 3905 3906
##   ..$ : int  2996 3018 3019 3020 3021 3022 3023 3854 3855 3857 ...
##   ..$ : int  3087 3089 3090 3091 3092
##   ..$ : int  3096 3097 3098 3099 3100 3102 3103 3104 3105 3106 ...
##   ..$ : int  3138 3139 3140 3141 3142 3143 3832 3833 3835 3899
##   ..$ : int  3028 3029 3030 3031 3032 3033 3062 3848 3849 3850
##   ..$ : int  3063 3064 3065 3066 3073 3074 3075 3079 3080 3081 ...
##   ..$ : int  3024 3025 3026 3027 3055 3056 3057 3058 3083 3084 ...
##   ..$ : int  3059 3060 3061 3070 3071 3072 3076 3077 3078 3088 ...
##   ..$ : int  3093 3124 3125 3126 3144 3145 3146 3147 3237 3345 ...
##   ..$ : int  3907 3908 3909 3910 3911 3930 3931 3932 3933 3934 ...
##   ..$ : int  2854 2855 2856 2857 2858 2859 2946 2947
##   ..$ : int  3680 3683 3684
##   ..$ : int  2948 2949 2950 2951 3957 3958 3959 3972
##   ..$ : int  5673 5674 5680 5681 5682 5683
##   ..$ : int  3821 3822 3823 3824 3825 3826 3967 3985
##   ..$ : int  2926 2927 2928 3682 3953 3954 3955 3956 3969 3970
##   ..$ : int  2930 3685 3686 3687 3694 3695 4091 4127
##   ..$ : int 3986
##   ..$ : int  4052 4074 4075 4076 4077
##   ..$ : int  3042 3043 3044 3045 3046 3047 3048 3049 3069
##   ..$ : int  3067 3068 3086
##   ..$ : int  4036 4037
##   ..$ : int  2963 2988 2989 2990 2991 2992 2993 2994 2995 3971 ...
##   ..$ : int  3975 3976 4010 4023 4024
##   ..$ : int  2939 2940 2941 2942 2943 2944 2945 2982 3950 3990
##   ..$ : int  2956 2957 2958 2959 2960 2961 2962 2983
##   ..$ : int  2984 2985 2986 2987 3001 3002 3003 3004 3005 3006
##   ..$ : int  3128 3129 3130 3131 3132 3133 3134 3135 3688 3837 ...
##   ..$ : int  3034 3035 3036 3037 3038 3039 3040 3041 3711 3712 ...
##   ..$ : int  3852 3853 3937 3938 3939 3940 3960 3961
##   ..$ : int  3165 3293 3294 3295 3296 3297 4045 4046 4047 4048
##   ..$ : int  3179 3180 3181 3182 3183 3203 3222 3223 3224 3229 ...
##   ..$ : int  3386 3387 3388 3389 3391 3392 3393 3394 3395
##   ..$ : int  3315 3316 3317 3318 3319 3320 3321 3322 3609
##   ..$ : int  3238 3239 3240 3241 3242 3243 3244 3360 3361 3521 ...
##   ..$ : int  3362 3363 3364 3365 3366 3384 3385 3843 3844 3851 ...
##   ..$ : int  3161 3162 3163 3164 3167 3175 3176 3177 3178 3184 ...
##   ..$ : int  3189 3190 3191 3192 3193 3194 3195 3202 4011 4012
##   ..$ : int  3566 3567 3568 3569 3570 3571 3572 3573
##   ..$ : int  3185 3186 3187 3188 3196 3197 3198 3199 3200 3201 ...
##   ..$ : int  3369 3370 3371 3372 3373 3374 3375 3376 3377 3378 ...
##   ..$ : int  4004 4005 4006 4007 4008 4014
##   ..$ : int  4042 4043 4044 4067 4068 4069 4070 4071 4072
##   ..$ : int  4131 4172 4173 4275
##   ..$ : int  4099 4100 4107 4108 4120 4121 4122 4123 4124 4133
##   ..$ : int  4094 4095 4096 4097 4101 4102 4103 4104 4105 4106 ...
##   ..$ : int  4199 4335 4336 4337 4835 4836 4837 4846 4847
##   ..$ : int  4049 4050 4603 4604 4605 4624 4625 5203 5211 5212 ...
##   ..$ : int  4112 4113 4114 4115 4116 4117 4118 4119 4125 4126 ...
##   ..$ : int  4850 4851 4852 4853 4854 4855 4856 4857 4879
##   ..$ : int  4715 4716 4717 4718 4719 4720 4721 4725 4726 5072
##   ..$ : int  4690 4691 4692 4693 4694 4695 4696 4796 4800
##   ..$ : int  4161 4162 4163 4164 4829 4830 4831 4832 5197 5198 ...
##   ..$ : int  4026 4027 4028
##   ..$ : int  1129 1130 4196 4197 4198
##   ..$ : int  6878 6884 6885 6886
##   ..$ : int  415 416 426 427 428
##   ..$ : int  360 361 362 392 429 629 630 701 702 715 ...
##   ..$ : int  76 77 78 79 85 151 1391 1537
##   ..$ : int  1538 1539 4018 4019 4020 4021 4022 4289 4601 4602
##   ..$ : int  3947 3948 3968 4015 4017 4033 4051 4175 4178 4179 ...
##   ..$ : int  1147 1148 1149 1150 1151 4177
##   ..$ : int  1105 1106 1107 1108 1109 1110 1111 1112 4013 4016
##   ..$ : int  4057 4058 4059 4060 4061 4062 4063 4064 4065 4066
##   ..$ : int  1131 4029 4030 4031 4176 4181 4182
##   ..$ : int  3979 3980 3981 3982 3989
##   ..$ : int  2789 2790 2791 2792 2885 2886 2887 3597 3598
##   ..$ : int  3799 3800 3801 3802 3803 3804 3811 3812
##   ..$ : int  2829 2830 2831 2844 2845 2846 3923 3924 3925 4157 ...
##   ..$ : int  3927 3928 4109 4110 4111 4132
##   ..$ : int  2745 2746 2747 2748 2749 2750 2788 3915 3919 3962 ...
##   ..$ : int  2763 2764 2765 2766 2767 2768 2769 3127 3158 3159 ...
##   ..$ : int  2847 2848 2849 2850 2851 2869 2870 2871 2872 2896 ...
##   ..$ : int  2724 2725 2739 2740 2741 2742 2743 2744 3599
##   ..$ : int  2751 2752 2753 2756 2757
##   ..$ : int  3668 3669 3670 3671 3672 3673 3674 3675 3676
##   ..$ : int  3525 3526 3527 3528 3529 3530 3531 3533 3564 4000 ...
##   ..$ : int  3349 3350 3351 3352 3353 3354 3355 3891 3892 3893 ...
##   ..$ : int  3513 3514 3515 3516 3517 3518 3519 3520
##   ..$ : int  3534 3535 3536 3537 3538 3539 3560 3561 3562 3563 ...
##   ..$ : int  3418 3419 3420 3421 3422 3423 3424 3425 3426 3433 ...
##   ..$ : int  3805 3806 3807 3808 3809 3810 3817 3818 3868 3869
##   .. [list output truncated]
##  - attr(*, "drop")= logi TRUE
##  - attr(*, "group_sizes")= int  11 5 11 10 18 10 14 9 7 8 ...
##  - attr(*, "biggest_group_size")= int 186
```

Zbiór danych po oczyszczaniu zmniejszył się do 6888 wierszy, liczba kolumn pozostała niezmieniona i wynosi 16.
## Analiza arybutów

```r
knitr::kable(summary(w_duplicates))
```

           X              length          cfin1              cfin2             chel1            chel2            lcop1              lcop2             fbar             recr              cumf             totaln             sst             sal            xmonth          nao         
---  ---------------  --------------  -----------------  ----------------  ---------------  ---------------  -----------------  ---------------  ---------------  ----------------  ----------------  ----------------  --------------  --------------  -------------  -----------------
     Min.   :  1.00   Min.   :19.00   Min.   : 0.00000   Min.   : 0.0000   Min.   : 0.000   Min.   : 5.238   Min.   :  0.3074   Min.   : 7.849   Min.   :0.0680   Min.   : 140515   Min.   :0.06833   Min.   : 144137   Min.   :12.77   Min.   :35.40   8      : 879   Min.   :-4.89000 
     1st Qu.:  4.00   1st Qu.:24.00   1st Qu.: 0.02778   1st Qu.: 0.2500   1st Qu.: 2.469   1st Qu.:15.030   1st Qu.:  2.5479   1st Qu.:20.094   1st Qu.:0.1580   1st Qu.: 364794   1st Qu.:0.11008   1st Qu.: 307276   1st Qu.:13.64   1st Qu.:35.51   10     : 879   1st Qu.:-1.69000 
     Median :  7.00   Median :25.50   Median : 0.14158   Median : 0.3714   Median : 4.811   Median :21.435   Median :  5.9167   Median :24.859   Median :0.3320   Median : 459347   Median :0.21476   Median : 539558   Median :13.98   Median :35.51   7      : 747   Median : 0.20000 
     Mean   : 15.72   Mean   :25.32   Mean   : 0.55913   Mean   : 1.7403   Mean   : 8.801   Mean   :21.157   Mean   : 11.3557   Mean   :27.683   Mean   :0.3202   Mean   : 543028   Mean   :0.21417   Mean   : 523418   Mean   :13.94   Mean   :35.52   9      : 680   Mean   : 0.08938 
     3rd Qu.: 12.00   3rd Qu.:26.50   3rd Qu.: 0.36032   3rd Qu.: 1.5701   3rd Qu.: 9.667   3rd Qu.:26.324   3rd Qu.: 12.4959   3rd Qu.:35.153   3rd Qu.:0.4250   3rd Qu.: 774993   3rd Qu.:0.28116   3rd Qu.: 763083   3rd Qu.:14.21   3rd Qu.:35.52   6      : 559   3rd Qu.: 1.80000 
     Max.   :186.00   Max.   :32.50   Max.   :37.66667   Max.   :19.3958   Max.   :75.000   Max.   :57.706   Max.   :115.5833   Max.   :68.736   Max.   :0.8490   Max.   :1565890   Max.   :0.39801   Max.   :1015595   Max.   :14.73   Max.   :35.61   5      : 521   Max.   : 5.08000 
     NA               NA              NA                 NA                NA               NA               NA                 NA               NA               NA                NA                NA                NA              NA              (Other):2623   NA               

## Rozklad wartosci

```r
data_dist <- w_duplicates %>% 
  select(-X) %>% 
  melt

ggplot(data_dist, aes(x= value)) + 
  geom_density(fill= "#2b8cbe") + 
  facet_wrap(~variable, scales= "free") +
  theme(axis.text.x = element_text(angle = 90, hjust = 1))
```

![](herring-analysis_files/figure-html/variable-distribution-1.png)<!-- -->

Zmienne, poza _length_, nie mają rozkładu normalnego.

# Korelacja zmiennych

```r
heatmaply(hetcor(as.data.frame(w_duplicates)), k_col = 2, k_row = 3)
```

<!--html_preserve--><div id="htmlwidget-933954b5d16cf6fad7ff" style="width:672px;height:480px;" class="plotly html-widget"></div>
<script type="application/json" data-for="htmlwidget-933954b5d16cf6fad7ff">{"x":{"data":[{"x":[8.6875,12.0625,null,12.0625,12.0625,null,12.0625,10.5,null,10.5,10.5,null,10.5,10,null,10,10,null,10.5,11,null,11,11,null,12.0625,13.625,null,13.625,13.625,null,13.625,12.5,null,12.5,12.5,null,12.5,12,null,12,12,null,12.5,13,null,13,13,null,13.625,14.75,null,14.75,14.75,null,14.75,14,null,14,14,null,14.75,15.5,null,15.5,15.5,null,15.5,15,null,15,15,null,15.5,16,null,16,16],"y":[3.1316823924042,3.1316823924042,null,3.1316823924042,2.35965199657814,null,2.35965199657814,2.35965199657814,null,2.35965199657814,1.02182900155134,null,1.02182900155134,1.02182900155134,null,1.02182900155134,0,null,1.02182900155134,1.02182900155134,null,1.02182900155134,0,null,2.35965199657814,2.35965199657814,null,2.35965199657814,1.8685794528034,null,1.8685794528034,1.8685794528034,null,1.8685794528034,0.467358355705862,null,0.467358355705862,0.467358355705862,null,0.467358355705862,0,null,0.467358355705862,0.467358355705862,null,0.467358355705862,0,null,1.8685794528034,1.8685794528034,null,1.8685794528034,1.08172542068292,null,1.08172542068292,1.08172542068292,null,1.08172542068292,0,null,1.08172542068292,1.08172542068292,null,1.08172542068292,0.400670640952919,null,0.400670640952919,0.400670640952919,null,0.400670640952919,0,null,0.400670640952919,0.400670640952919,null,0.400670640952919,0],"text":["y: 3.13","y: 3.13",null,"y: 3.13","y: 3.13",null,"y: 2.36","y: 2.36",null,"y: 2.36","y: 2.36",null,"y: 1.02","y: 1.02",null,"y: 1.02","y: 1.02",null,"y: 1.02","y: 1.02",null,"y: 1.02","y: 1.02",null,"y: 2.36","y: 2.36",null,"y: 2.36","y: 2.36",null,"y: 1.87","y: 1.87",null,"y: 1.87","y: 1.87",null,"y: 0.47","y: 0.47",null,"y: 0.47","y: 0.47",null,"y: 0.47","y: 0.47",null,"y: 0.47","y: 0.47",null,"y: 1.87","y: 1.87",null,"y: 1.87","y: 1.87",null,"y: 1.08","y: 1.08",null,"y: 1.08","y: 1.08",null,"y: 1.08","y: 1.08",null,"y: 1.08","y: 1.08",null,"y: 0.4","y: 0.4",null,"y: 0.4","y: 0.4",null,"y: 0.4","y: 0.4",null,"y: 0.4","y: 0.4"],"key":null,"type":"scatter","mode":"lines","name":"(#009681,solid,1)","line":{"width":2.26771653543307,"color":"rgba(0,150,129,1)","dash":"solid"},"hoveron":"points","legendgroup":"(#009681,solid,1)","showlegend":true,"xaxis":"x","yaxis":"y","hoverinfo":"text"},{"x":[8.6875,5.3125,null,5.3125,5.3125,null,5.3125,3.125,null,3.125,3.125,null,3.125,1.75,null,1.75,1.75,null,1.75,1,null,1,1,null,1.75,2.5,null,2.5,2.5,null,2.5,2,null,2,2,null,2.5,3,null,3,3,null,3.125,4.5,null,4.5,4.5,null,4.5,4,null,4,4,null,4.5,5,null,5,5,null,5.3125,7.5,null,7.5,7.5,null,7.5,6.5,null,6.5,6.5,null,6.5,6,null,6,6,null,6.5,7,null,7,7,null,7.5,8.5,null,8.5,8.5,null,8.5,8,null,8,8,null,8.5,9,null,9,9],"y":[3.1316823924042,3.1316823924042,null,3.1316823924042,1.99421268131251,null,1.99421268131251,1.99421268131251,null,1.99421268131251,1.72247275334149,null,1.72247275334149,1.72247275334149,null,1.72247275334149,1.43150666928925,null,1.43150666928925,1.43150666928925,null,1.43150666928925,0,null,1.43150666928925,1.43150666928925,null,1.43150666928925,0.215939500782936,null,0.215939500782936,0.215939500782936,null,0.215939500782936,0,null,0.215939500782936,0.215939500782936,null,0.215939500782936,0,null,1.72247275334149,1.72247275334149,null,1.72247275334149,1.47311249202225,null,1.47311249202225,1.47311249202225,null,1.47311249202225,0,null,1.47311249202225,1.47311249202225,null,1.47311249202225,0,null,1.99421268131251,1.99421268131251,null,1.99421268131251,1.67564496424996,null,1.67564496424996,1.67564496424996,null,1.67564496424996,1.10791956138725,null,1.10791956138725,1.10791956138725,null,1.10791956138725,0,null,1.10791956138725,1.10791956138725,null,1.10791956138725,0,null,1.67564496424996,1.67564496424996,null,1.67564496424996,1.21182018127199,null,1.21182018127199,1.21182018127199,null,1.21182018127199,0,null,1.21182018127199,1.21182018127199,null,1.21182018127199,0],"text":["y: 3.13","y: 3.13",null,"y: 3.13","y: 3.13",null,"y: 1.99","y: 1.99",null,"y: 1.99","y: 1.99",null,"y: 1.72","y: 1.72",null,"y: 1.72","y: 1.72",null,"y: 1.43","y: 1.43",null,"y: 1.43","y: 1.43",null,"y: 1.43","y: 1.43",null,"y: 1.43","y: 1.43",null,"y: 0.22","y: 0.22",null,"y: 0.22","y: 0.22",null,"y: 0.22","y: 0.22",null,"y: 0.22","y: 0.22",null,"y: 1.72","y: 1.72",null,"y: 1.72","y: 1.72",null,"y: 1.47","y: 1.47",null,"y: 1.47","y: 1.47",null,"y: 1.47","y: 1.47",null,"y: 1.47","y: 1.47",null,"y: 1.99","y: 1.99",null,"y: 1.99","y: 1.99",null,"y: 1.68","y: 1.68",null,"y: 1.68","y: 1.68",null,"y: 1.11","y: 1.11",null,"y: 1.11","y: 1.11",null,"y: 1.11","y: 1.11",null,"y: 1.11","y: 1.11",null,"y: 1.68","y: 1.68",null,"y: 1.68","y: 1.68",null,"y: 1.21","y: 1.21",null,"y: 1.21","y: 1.21",null,"y: 1.21","y: 1.21",null,"y: 1.21","y: 1.21"],"key":null,"type":"scatter","mode":"lines","name":"(#CC476B,solid,1)","line":{"width":2.26771653543307,"color":"rgba(204,71,107,1)","dash":"solid"},"hoveron":"points","legendgroup":"(#CC476B,solid,1)","showlegend":true,"xaxis":"x","yaxis":"y","hoverinfo":"text"},{"x":[8.6875,5.3125,3.125,1.75,1,2.5,2,3,4.5,4,5,7.5,6.5,6,7,8.5,8,9,12.0625,10.5,10,11,13.625,12.5,12,13,14.75,14,15.5,15,16],"y":[3.1316823924042,1.99421268131251,1.72247275334149,1.43150666928925,0,0.215939500782936,0,0,1.47311249202225,0,0,1.67564496424996,1.10791956138725,0,0,1.21182018127199,0,0,2.35965199657814,1.02182900155134,0,0,1.8685794528034,0.467358355705862,0,0,1.08172542068292,0,0.400670640952919,0,0],"text":["y: 3.13","y: 1.99","y: 1.72","y: 1.43","y: 0","y: 0.22","y: 0","y: 0","y: 1.47","y: 0","y: 0","y: 1.68","y: 1.11","y: 0","y: 0","y: 1.21","y: 0","y: 0","y: 2.36","y: 1.02","y: 0","y: 0","y: 1.87","y: 0.47","y: 0","y: 0","y: 1.08","y: 0","y: 0.4","y: 0","y: 0"],"key":null,"type":"scatter","mode":"markers","marker":{"autocolorscale":false,"color":"transparent","opacity":1,"size":null,"symbol":null,"line":{"width":1.88976377952756,"color":"transparent"}},"hoveron":"points","name":"(NA,1)","legendgroup":"(NA,1)","showlegend":true,"xaxis":"x","yaxis":"y","hoverinfo":"text"},{"type":"scatter","mode":"markers","marker":{"fillcolor":"rgba(31,119,180,1)","color":"rgba(214,39,40,1)","line":{"color":"transparent"}},"xaxis":"x2","yaxis":"y"},{"x":[1,2,3,4,5,6,7,8,9,10,11,12,13,14,15,16],"y":[1,2,3,4,5,6,7,8,9,10,11,12,13,14,15,16],"z":[[1,0.557228915662651,0.510843373493976,0.425903614457831,0.401204819277108,0.408433734939759,0.483132530120482,0.465060240963855,0.418674698795181,0.396385542168675,0.364457831325301,0.33433734939759,0.33855421686747,0.478313253012048,0.514457831325301,0.522289156626506],[0.557228915662651,1,0.959036144578313,0.510843373493976,0.437951807228916,0.475301204819277,0.56566265060241,0.475903614457831,0.385542168674699,0.25,0.14578313253012,0.428313253012048,0.387951807228916,0.383132530120482,0.489156626506024,0.510843373493976],[0.510843373493976,0.959036144578313,1,0.501807228915663,0.429518072289157,0.451204819277108,0.51566265060241,0.435542168674699,0.36144578313253,0.268674698795181,0.157228915662651,0.460843373493976,0.424096385542169,0.399397590361446,0.524096385542169,0.550602409638554],[0.425903614457831,0.510843373493976,0.501807228915663,1,0.405421686746988,0.412048192771084,0.431927710843374,0.389156626506024,0.362650602409639,0.184939759036145,0.279518072289157,0.503012048192771,0.419879518072289,0.420481927710843,0.410843373493976,0.4],[0.401204819277108,0.437951807228916,0.429518072289157,0.405421686746988,1,0.456024096385542,0.400602409638554,0.416265060240964,0.393373493975904,0.384939759036145,0.389759036144578,0.398192771084337,0.396385542168675,0.398795180722892,0.403012048192771,0.407228915662651],[0.408433734939759,0.475301204819277,0.451204819277108,0.412048192771084,0.456024096385542,1,0.643975903614458,0.383132530120482,0.422289156626506,0.43433734939759,0.260240963855422,0.22289156626506,0.179518072289157,0.293373493975904,0.307228915662651,0.346385542168675],[0.483132530120482,0.56566265060241,0.51566265060241,0.431927710843374,0.400602409638554,0.643975903614458,1,0.641566265060241,0.469277108433735,0.302409638554217,0.185542168674699,0.0801204819277108,0,0.26144578313253,0.225903614457831,0.209036144578313],[0.465060240963855,0.475903614457831,0.435542168674699,0.389156626506024,0.416265060240964,0.383132530120482,0.641566265060241,1,0.549397590361446,0.300602409638554,0.437951807228916,0.23433734939759,0.229518072289157,0.346385542168675,0.374096385542169,0.363855421686747],[0.418674698795181,0.385542168674699,0.36144578313253,0.362650602409639,0.393373493975904,0.422289156626506,0.469277108433735,0.549397590361446,1,0.484939759036145,0.443373493975904,0.376506024096386,0.353614457831325,0.301204819277108,0.297590361445783,0.323493975903614],[0.396385542168675,0.25,0.268674698795181,0.184939759036145,0.384939759036145,0.43433734939759,0.302409638554217,0.300602409638554,0.484939759036145,1,0.675903614457831,0.22710843373494,0.321686746987952,0.275903614457831,0.309638554216867,0.342168674698795],[0.364457831325301,0.14578313253012,0.157228915662651,0.279518072289157,0.389759036144578,0.260240963855422,0.185542168674699,0.437951807228916,0.443373493975904,0.675903614457831,1,0.396385542168675,0.469879518072289,0.404819277108434,0.339759036144578,0.287951807228916],[0.33433734939759,0.428313253012048,0.460843373493976,0.503012048192771,0.398192771084337,0.22289156626506,0.0801204819277108,0.23433734939759,0.376506024096386,0.22710843373494,0.396385542168675,1,0.92289156626506,0.482530120481928,0.426506024096386,0.429518072289157],[0.33855421686747,0.387951807228916,0.424096385542169,0.419879518072289,0.396385542168675,0.179518072289157,0,0.229518072289157,0.353614457831325,0.321686746987952,0.469879518072289,0.92289156626506,1,0.6,0.539759036144578,0.517469879518072],[0.478313253012048,0.383132530120482,0.399397590361446,0.420481927710843,0.398795180722892,0.293373493975904,0.26144578313253,0.346385542168675,0.301204819277108,0.275903614457831,0.404819277108434,0.482530120481928,0.6,1,0.795180722891566,0.593373493975904],[0.514457831325301,0.489156626506024,0.524096385542169,0.410843373493976,0.403012048192771,0.307228915662651,0.225903614457831,0.374096385542169,0.297590361445783,0.309638554216867,0.339759036144578,0.426506024096386,0.539759036144578,0.795180722891566,1,0.931927710843374],[0.522289156626506,0.510843373493976,0.550602409638554,0.4,0.407228915662651,0.346385542168675,0.209036144578313,0.363855421686747,0.323493975903614,0.342168674698795,0.287951807228916,0.429518072289157,0.517469879518072,0.593373493975904,0.931927710843374,1]],"text":[["value: 1<br>column: cfin1<br>row: cfin1","value: 0.26<br>column: lcop1<br>row: cfin1","value: 0.19<br>column: chel1<br>row: cfin1","value: 0.05<br>column: length<br>row: cfin1","value: 0.01<br>column: xmonth<br>row: cfin1","value: 0.02<br>column: X<br>row: cfin1","value: 0.14<br>column: totaln<br>row: cfin1","value: 0.11<br>column: recr<br>row: cfin1","value: 0.04<br>column: sal<br>row: cfin1","value: 0<br>column: sst<br>row: cfin1","value: -0.06<br>column: nao<br>row: cfin1","value: -0.1<br>column: fbar<br>row: cfin1","value: -0.1<br>column: cumf<br>row: cfin1","value: 0.13<br>column: cfin2<br>row: cfin1","value: 0.19<br>column: lcop2<br>row: cfin1","value: 0.21<br>column: chel2<br>row: cfin1"],["value: 0.26<br>column: cfin1<br>row: lcop1","value: 1<br>column: lcop1<br>row: lcop1","value: 0.93<br>column: chel1<br>row: lcop1","value: 0.19<br>column: length<br>row: lcop1","value: 0.07<br>column: xmonth<br>row: lcop1","value: 0.13<br>column: X<br>row: lcop1","value: 0.28<br>column: totaln<br>row: lcop1","value: 0.13<br>column: recr<br>row: lcop1","value: -0.02<br>column: sal<br>row: lcop1","value: -0.24<br>column: sst<br>row: lcop1","value: -0.42<br>column: nao<br>row: lcop1","value: 0.05<br>column: fbar<br>row: lcop1","value: -0.02<br>column: cumf<br>row: lcop1","value: -0.02<br>column: cfin2<br>row: lcop1","value: 0.15<br>column: lcop2<br>row: lcop1","value: 0.19<br>column: chel2<br>row: lcop1"],["value: 0.19<br>column: cfin1<br>row: chel1","value: 0.93<br>column: lcop1<br>row: chel1","value: 1<br>column: chel1<br>row: chel1","value: 0.17<br>column: length<br>row: chel1","value: 0.05<br>column: xmonth<br>row: chel1","value: 0.09<br>column: X<br>row: chel1","value: 0.2<br>column: totaln<br>row: chel1","value: 0.06<br>column: recr<br>row: chel1","value: -0.06<br>column: sal<br>row: chel1","value: -0.21<br>column: sst<br>row: chel1","value: -0.4<br>column: nao<br>row: chel1","value: 0.1<br>column: fbar<br>row: chel1","value: 0.04<br>column: cumf<br>row: chel1","value: 0<br>column: cfin2<br>row: chel1","value: 0.21<br>column: lcop2<br>row: chel1","value: 0.25<br>column: chel2<br>row: chel1"],["value: 0.05<br>column: cfin1<br>row: length","value: 0.19<br>column: lcop1<br>row: length","value: 0.17<br>column: chel1<br>row: length","value: 1<br>column: length<br>row: length","value: 0.01<br>column: xmonth<br>row: length","value: 0.02<br>column: X<br>row: length","value: 0.06<br>column: totaln<br>row: length","value: -0.01<br>column: recr<br>row: length","value: -0.06<br>column: sal<br>row: length","value: -0.35<br>column: sst<br>row: length","value: -0.2<br>column: nao<br>row: length","value: 0.18<br>column: fbar<br>row: length","value: 0.04<br>column: cumf<br>row: length","value: 0.04<br>column: cfin2<br>row: length","value: 0.02<br>column: lcop2<br>row: length","value: 0<br>column: chel2<br>row: length"],["value: 0.01<br>column: cfin1<br>row: xmonth","value: 0.07<br>column: lcop1<br>row: xmonth","value: 0.05<br>column: chel1<br>row: xmonth","value: 0.01<br>column: length<br>row: xmonth","value: 1<br>column: xmonth<br>row: xmonth","value: 0.1<br>column: X<br>row: xmonth","value: 0<br>column: totaln<br>row: xmonth","value: 0.03<br>column: recr<br>row: xmonth","value: -0.01<br>column: sal<br>row: xmonth","value: -0.02<br>column: sst<br>row: xmonth","value: -0.01<br>column: nao<br>row: xmonth","value: 0<br>column: fbar<br>row: xmonth","value: 0<br>column: cumf<br>row: xmonth","value: 0<br>column: cfin2<br>row: xmonth","value: 0.01<br>column: lcop2<br>row: xmonth","value: 0.02<br>column: chel2<br>row: xmonth"],["value: 0.02<br>column: cfin1<br>row: X","value: 0.13<br>column: lcop1<br>row: X","value: 0.09<br>column: chel1<br>row: X","value: 0.02<br>column: length<br>row: X","value: 0.1<br>column: xmonth<br>row: X","value: 1<br>column: X<br>row: X","value: 0.41<br>column: totaln<br>row: X","value: -0.02<br>column: recr<br>row: X","value: 0.04<br>column: sal<br>row: X","value: 0.06<br>column: sst<br>row: X","value: -0.23<br>column: nao<br>row: X","value: -0.29<br>column: fbar<br>row: X","value: -0.36<br>column: cumf<br>row: X","value: -0.17<br>column: cfin2<br>row: X","value: -0.15<br>column: lcop2<br>row: X","value: -0.08<br>column: chel2<br>row: X"],["value: 0.14<br>column: cfin1<br>row: totaln","value: 0.28<br>column: lcop1<br>row: totaln","value: 0.2<br>column: chel1<br>row: totaln","value: 0.06<br>column: length<br>row: totaln","value: 0<br>column: xmonth<br>row: totaln","value: 0.41<br>column: X<br>row: totaln","value: 1<br>column: totaln<br>row: totaln","value: 0.4<br>column: recr<br>row: totaln","value: 0.12<br>column: sal<br>row: totaln","value: -0.16<br>column: sst<br>row: totaln","value: -0.35<br>column: nao<br>row: totaln","value: -0.53<br>column: fbar<br>row: totaln","value: -0.66<br>column: cumf<br>row: totaln","value: -0.23<br>column: cfin2<br>row: totaln","value: -0.28<br>column: lcop2<br>row: totaln","value: -0.31<br>column: chel2<br>row: totaln"],["value: 0.11<br>column: cfin1<br>row: recr","value: 0.13<br>column: lcop1<br>row: recr","value: 0.06<br>column: chel1<br>row: recr","value: -0.01<br>column: length<br>row: recr","value: 0.03<br>column: xmonth<br>row: recr","value: -0.02<br>column: X<br>row: recr","value: 0.4<br>column: totaln<br>row: recr","value: 1<br>column: recr<br>row: recr","value: 0.25<br>column: sal<br>row: recr","value: -0.16<br>column: sst<br>row: recr","value: 0.07<br>column: nao<br>row: recr","value: -0.27<br>column: fbar<br>row: recr","value: -0.28<br>column: cumf<br>row: recr","value: -0.08<br>column: cfin2<br>row: recr","value: -0.04<br>column: lcop2<br>row: recr","value: -0.06<br>column: chel2<br>row: recr"],["value: 0.04<br>column: cfin1<br>row: sal","value: -0.02<br>column: lcop1<br>row: sal","value: -0.06<br>column: chel1<br>row: sal","value: -0.06<br>column: length<br>row: sal","value: -0.01<br>column: xmonth<br>row: sal","value: 0.04<br>column: X<br>row: sal","value: 0.12<br>column: totaln<br>row: sal","value: 0.25<br>column: recr<br>row: sal","value: 1<br>column: sal<br>row: sal","value: 0.14<br>column: sst<br>row: sal","value: 0.08<br>column: nao<br>row: sal","value: -0.04<br>column: fbar<br>row: sal","value: -0.07<br>column: cumf<br>row: sal","value: -0.16<br>column: cfin2<br>row: sal","value: -0.17<br>column: lcop2<br>row: sal","value: -0.12<br>column: chel2<br>row: sal"],["value: 0<br>column: cfin1<br>row: sst","value: -0.24<br>column: lcop1<br>row: sst","value: -0.21<br>column: chel1<br>row: sst","value: -0.35<br>column: length<br>row: sst","value: -0.02<br>column: xmonth<br>row: sst","value: 0.06<br>column: X<br>row: sst","value: -0.16<br>column: totaln<br>row: sst","value: -0.16<br>column: recr<br>row: sst","value: 0.14<br>column: sal<br>row: sst","value: 1<br>column: sst<br>row: sst","value: 0.46<br>column: nao<br>row: sst","value: -0.28<br>column: fbar<br>row: sst","value: -0.13<br>column: cumf<br>row: sst","value: -0.2<br>column: cfin2<br>row: sst","value: -0.15<br>column: lcop2<br>row: sst","value: -0.09<br>column: chel2<br>row: sst"],["value: -0.06<br>column: cfin1<br>row: nao","value: -0.42<br>column: lcop1<br>row: nao","value: -0.4<br>column: chel1<br>row: nao","value: -0.2<br>column: length<br>row: nao","value: -0.01<br>column: xmonth<br>row: nao","value: -0.23<br>column: X<br>row: nao","value: -0.35<br>column: totaln<br>row: nao","value: 0.07<br>column: recr<br>row: nao","value: 0.08<br>column: sal<br>row: nao","value: 0.46<br>column: sst<br>row: nao","value: 1<br>column: nao<br>row: nao","value: 0<br>column: fbar<br>row: nao","value: 0.12<br>column: cumf<br>row: nao","value: 0.01<br>column: cfin2<br>row: nao","value: -0.1<br>column: lcop2<br>row: nao","value: -0.18<br>column: chel2<br>row: nao"],["value: -0.1<br>column: cfin1<br>row: fbar","value: 0.05<br>column: lcop1<br>row: fbar","value: 0.1<br>column: chel1<br>row: fbar","value: 0.18<br>column: length<br>row: fbar","value: 0<br>column: xmonth<br>row: fbar","value: -0.29<br>column: X<br>row: fbar","value: -0.53<br>column: totaln<br>row: fbar","value: -0.27<br>column: recr<br>row: fbar","value: -0.04<br>column: sal<br>row: fbar","value: -0.28<br>column: sst<br>row: fbar","value: 0<br>column: nao<br>row: fbar","value: 1<br>column: fbar<br>row: fbar","value: 0.87<br>column: cumf<br>row: fbar","value: 0.14<br>column: cfin2<br>row: fbar","value: 0.05<br>column: lcop2<br>row: fbar","value: 0.05<br>column: chel2<br>row: fbar"],["value: -0.1<br>column: cfin1<br>row: cumf","value: -0.02<br>column: lcop1<br>row: cumf","value: 0.04<br>column: chel1<br>row: cumf","value: 0.04<br>column: length<br>row: cumf","value: 0<br>column: xmonth<br>row: cumf","value: -0.36<br>column: X<br>row: cumf","value: -0.66<br>column: totaln<br>row: cumf","value: -0.28<br>column: recr<br>row: cumf","value: -0.07<br>column: sal<br>row: cumf","value: -0.13<br>column: sst<br>row: cumf","value: 0.12<br>column: nao<br>row: cumf","value: 0.87<br>column: fbar<br>row: cumf","value: 1<br>column: cumf<br>row: cumf","value: 0.34<br>column: cfin2<br>row: cumf","value: 0.24<br>column: lcop2<br>row: cumf","value: 0.2<br>column: chel2<br>row: cumf"],["value: 0.13<br>column: cfin1<br>row: cfin2","value: -0.02<br>column: lcop1<br>row: cfin2","value: 0<br>column: chel1<br>row: cfin2","value: 0.04<br>column: length<br>row: cfin2","value: 0<br>column: xmonth<br>row: cfin2","value: -0.17<br>column: X<br>row: cfin2","value: -0.23<br>column: totaln<br>row: cfin2","value: -0.08<br>column: recr<br>row: cfin2","value: -0.16<br>column: sal<br>row: cfin2","value: -0.2<br>column: sst<br>row: cfin2","value: 0.01<br>column: nao<br>row: cfin2","value: 0.14<br>column: fbar<br>row: cfin2","value: 0.34<br>column: cumf<br>row: cfin2","value: 1<br>column: cfin2<br>row: cfin2","value: 0.66<br>column: lcop2<br>row: cfin2","value: 0.32<br>column: chel2<br>row: cfin2"],["value: 0.19<br>column: cfin1<br>row: lcop2","value: 0.15<br>column: lcop1<br>row: lcop2","value: 0.21<br>column: chel1<br>row: lcop2","value: 0.02<br>column: length<br>row: lcop2","value: 0.01<br>column: xmonth<br>row: lcop2","value: -0.15<br>column: X<br>row: lcop2","value: -0.28<br>column: totaln<br>row: lcop2","value: -0.04<br>column: recr<br>row: lcop2","value: -0.17<br>column: sal<br>row: lcop2","value: -0.15<br>column: sst<br>row: lcop2","value: -0.1<br>column: nao<br>row: lcop2","value: 0.05<br>column: fbar<br>row: lcop2","value: 0.24<br>column: cumf<br>row: lcop2","value: 0.66<br>column: cfin2<br>row: lcop2","value: 1<br>column: lcop2<br>row: lcop2","value: 0.89<br>column: chel2<br>row: lcop2"],["value: 0.21<br>column: cfin1<br>row: chel2","value: 0.19<br>column: lcop1<br>row: chel2","value: 0.25<br>column: chel1<br>row: chel2","value: 0<br>column: length<br>row: chel2","value: 0.02<br>column: xmonth<br>row: chel2","value: -0.08<br>column: X<br>row: chel2","value: -0.31<br>column: totaln<br>row: chel2","value: -0.06<br>column: recr<br>row: chel2","value: 