# Herring Analysis
Maciej Tomczyk  
`r format(Sys.time(), '%d %B, %Y')`  



# Cel
Celem projektu jest określenie jakie mogą być główne przyczyny stopniowego zmniejszania się długości śledzi oceanicznych wyławianych w Europie.

Zbiór danych zostanie wczytany z pliku CSV, następnie musi zostać poddany wstępnemu oczyszczaniu.
# Opis zbioru danych
Analiza dotyczy zbióru danych na temat połowu śledzia oceanicznego w Europie. Do analizy zebrano pomiary śledzi i warunków w jakich żyją z ostatnich 60 lat. Dane były pobierane z połowów komercyjnych jednostek. W ramach połowu jednej jednostki losowo wybierano od 50 do 100 sztuk trzyletnich śledzi.

Poniżej znajdują się szczegółowe opisy konkretnych atrybutów:

| Nazwa kolumny |                     Opis                     |             Dodatkowa Informacja            |
|:-------------:|:--------------------------------------------:|:-------------------------------------------:|
|     length    |          długość złowionego śledzia          |                     [cm]                    |
|     cfin1     |             dostępność planktonu             |  [zagęszczenie Calanus finmarchicus gat. 1] |
|     cfin2     |             dostępność planktonu             |  [zagęszczenie Calanus finmarchicus gat. 2] |
|     chel1     |             dostępność planktonu             | [zagęszczenie Calanus helgolandicus gat. 1] |
|     chel2     |             dostępność planktonu             | [zagęszczenie Calanus helgolandicus gat. 2] |
|     lcop1     |             dostępność planktonu             |       [zagęszczenie widłonogów gat. 1]      |
|     lcop2     |             dostępność planktonu             |       [zagęszczenie widłonogów gat. 2]      |
|      fbar     |         natężenie połowów w regionie         |       [ułamek pozostawionego narybku]       |
|      recr     |                roczny narybek                |               [liczba śledzi]               |
|      cumf     |  łączne roczne natężenie połowów w regionie  |       [ułamek pozostawionego narybku]       |
|     totaln    | łączna liczba ryb złowionych w ramach połowu |               [liczba śledzi]               |
|      sst      |       temperatura przy powierzchni wody      |                     [°C]                    |
|      sal      |             poziom zasolenia wody            |                [Knudsen ppt]                |
|     xmonth    |                miesiąc połowu                |               [numer miesiąca]              |
|      nao      |         oscylacja północnoatlantycka         |                     [mb]                    |

# Wykorzystane biblioteki

```r
library(knitr)
library(ggplot2)
library(polycor)
library(heatmaply)
library(tidyr)
library(plotly)
library(VIM)
library(caret)
library(klaR)
library(dplyr)
```

# Powtwarzalne wyniki

```r
set.seed(23)
```

# Oczyszczenie danych
## Wczytanie danych z pliku CSV

```r
raw_data <- read.csv(file= "sledzie.csv", header= TRUE, sep= ",", na.strings= "?")
```

## Podstawowa analiza arybutów

```r
str(raw_data)
```

```
## 'data.frame':	52582 obs. of  16 variables:
##  $ X     : int  0 1 2 3 4 5 6 7 8 9 ...
##  $ length: num  23 22.5 25 25.5 24 22 24 23.5 22.5 22.5 ...
##  $ cfin1 : num  0.0278 0.0278 0.0278 0.0278 0.0278 ...
##  $ cfin2 : num  0.278 0.278 0.278 0.278 0.278 ...
##  $ chel1 : num  2.47 2.47 2.47 2.47 2.47 ...
##  $ chel2 : num  NA 21.4 21.4 21.4 21.4 ...
##  $ lcop1 : num  2.55 2.55 2.55 2.55 2.55 ...
##  $ lcop2 : num  26.4 26.4 26.4 26.4 26.4 ...
##  $ fbar  : num  0.356 0.356 0.356 0.356 0.356 0.356 0.356 0.356 0.356 0.356 ...
##  $ recr  : int  482831 482831 482831 482831 482831 482831 482831 482831 482831 482831 ...
##  $ cumf  : num  0.306 0.306 0.306 0.306 0.306 ...
##  $ totaln: num  267381 267381 267381 267381 267381 ...
##  $ sst   : num  14.3 14.3 14.3 14.3 14.3 ...
##  $ sal   : num  35.5 35.5 35.5 35.5 35.5 ...
##  $ xmonth: int  7 7 7 7 7 7 7 7 7 7 ...
##  $ nao   : num  2.8 2.8 2.8 2.8 2.8 2.8 2.8 2.8 2.8 2.8 ...
```
Zbiór zawiera 52582 rekordów rozmieszczonych w 16 kolumnach (z czego jedna jest kolumną porządkową).

## Zmiana kolumn
Zmienna _xmonth_, która reprezentuje miesiąc połowu powinna zostać zamieniona z ciągłej na kategoryczną, by nie traktować jej jako liczbę. Zmienna _totaln_, która reprezentuje łączną liczbę ryb złowionych, powinna zostać zmieniona na całkowitą.


```r
raw_data <- raw_data %>% 
  mutate(xmonth= as.factor(xmonth), totaln= round(totaln), totaln= as.integer(totaln))
```

## Problem pustych danych

```r
#Puste dane liczbowo na kolumnę
apply(raw_data, 2, function(x){ sum(is.na(x)) })
```

```
##      X length  cfin1  cfin2  chel1  chel2  lcop1  lcop2   fbar   recr 
##      0      0   1581   1536   1555   1556   1653   1591      0      0 
##   cumf totaln    sst    sal xmonth    nao 
##      0      0   1584      0      0      0
```

```r
#Puste dane procentowo na kolumnę
apply(raw_data, 2, function(x){ sum(is.na(x)) / length(x) })
```

```
##          X     length      cfin1      cfin2      chel1      chel2 
## 0.00000000 0.00000000 0.03006732 0.02921152 0.02957286 0.02959188 
##      lcop1      lcop2       fbar       recr       cumf     totaln 
## 0.03143661 0.03025750 0.00000000 0.00000000 0.00000000 0.00000000 
##        sst        sal     xmonth        nao 
## 0.03012438 0.00000000 0.00000000 0.00000000
```

Zbiór zawiera również wartości puste - te pojawiają się głównie w kolumnach z informacją o dostępności planktonu oraz temperaturze przy powierzchni wody.


```r
aggr(raw_data, plot= TRUE, 
     col= c('#fa9fb5', '#2b8cbe'), 
     numbers= TRUE, 
     prop= FALSE, 
     bars= FALSE, 
     labels= names(raw_data), 
     cex.axis= 0.8, 
     ylab=c("Histogram brakujących danych","Wzorzec"))
```

![](herring-analysis_files/figure-html/missing-values-graph-1.png)<!-- -->

Jak zobrazowano na wykresie powyżej, rozkład wartości pustych w kolumnach:

* cfin1 - dostępność planktonu -	skupisko Calanus finmarchicus gat. 1
* cfin2 - dostępność planktonu - skupisko Calanus finmarchicus gat. 2
* chel1 - dostępność planktonu - skupisko Calanus helgolandicus gat. 1
* chel2 - dostępność planktonu - skupisko Calanus helgolandicus gat. 2
* lcop1	- dostępność planktonu - skupisko widłonogów gat. 1
* lcop2	- dostępność planktonu - skupisko widłonogów gat. 2
* sst - temperatura przy powierzchni wody	stopnie °C

Usuwając wiersze z wartością NA, utracilibyśby stosunkowo dużo danych - lepszym pomysłem jest zastąpienie wartości brakującej średnią z konkretnego połowu. Bazując na fakcie, iż kolumny totaln, xmonth, nao definiują konkretny połów oraz nie zawierają one żadnych wartości pustych, posłużą one do grupowania. Dane zostały zgrupowane względem połowów, a następnie wartości puste zostały zamienione na średnią z tych połowów.


```r
data <- raw_data %>%
  group_by(totaln, xmonth, nao) %>%
  mutate_each(funs(replace(., which(is.na(.)),
                                mean(., na.rm=TRUE))))
```

## Problem duplikatów

```r
no_x <- data %>% select(-X)
sum(duplicated(no_x))
```

```
## [1] 45694
```

Możemy zaobserwować, iż 45694 rekordów to duplikaty. Pojawiają się one wewnątrz jednego połowu, dlatego usunięcie ich nie wpłynie negatywnie, ani nie sfałszuje danych. Dla uproszczenia grafów oraz dalszych obliczeń, wszystkie duplikaty zostały usunięte, tym samym zbiór danych uszczuplił się do 6888 rekordów.


```r
w_duplicates <- unique(no_x[, 1:15])
w_duplicates <- w_duplicates %>% 
  ungroup %>%
  mutate(X = seq_len(n())) %>% 
  select(X, everything())
```

# Statystyki zbioru danych
## Podstawowa analiza arybutów

```r
str(w_duplicates)
```

```
## Classes 'tbl_df', 'tbl' and 'data.frame':	6888 obs. of  16 variables:
##  $ X     : int  1 2 3 4 5 6 7 8 9 10 ...
##  $ length: num  23 22.5 25 25.5 24 22 23.5 22.5 22 24.5 ...
##  $ cfin1 : num  0.0278 0.0278 0.0278 0.0278 0.0278 ...
##  $ cfin2 : num  0.278 0.278 0.278 0.278 0.278 ...
##  $ chel1 : num  2.47 2.47 2.47 2.47 2.47 ...
##  $ chel2 : num  21.4 21.4 21.4 21.4 21.4 ...
##  $ lcop1 : num  2.55 2.55 2.55 2.55 2.55 ...
##  $ lcop2 : num  26.4 26.4 26.4 26.4 26.4 ...
##  $ fbar  : num  0.356 0.356 0.356 0.356 0.356 0.356 0.356 0.356 0.356 0.356 ...
##  $ recr  : num  482831 482831 482831 482831 482831 ...
##  $ cumf  : num  0.306 0.306 0.306 0.306 0.306 ...
##  $ totaln: int  267381 267381 267381 267381 267381 267381 267381 267381 267381 267381 ...
##  $ sst   : num  14.3 14.3 14.3 14.3 14.3 ...
##  $ sal   : num  35.5 35.5 35.5 35.5 35.5 ...
##  $ xmonth: Factor w/ 12 levels "1","2","3","4",..: 7 7 7 7 7 7 7 6 6 6 ...
##  $ nao   : num  2.8 2.8 2.8 2.8 2.8 2.8 2.8 2.8 2.8 2.8 ...
```

Zbiór danych po oczyszczaniu zmniejszył się do 6888 wierszy, liczba kolumn pozostała niezmieniona i wynosi 16.
## Analiza arybutów

```r
knitr::kable(summary(w_duplicates))
```

           X            length          cfin1              cfin2             chel1            chel2            lcop1              lcop2             fbar             recr              cumf             totaln             sst             sal            xmonth          nao         
---  -------------  --------------  -----------------  ----------------  ---------------  ---------------  -----------------  ---------------  ---------------  ----------------  ----------------  ----------------  --------------  --------------  -------------  -----------------
     Min.   :   1   Min.   :19.00   Min.   : 0.00000   Min.   : 0.0000   Min.   : 0.000   Min.   : 5.238   Min.   :  0.3074   Min.   : 7.849   Min.   :0.0680   Min.   : 140515   Min.   :0.06833   Min.   : 144137   Min.   :12.77   Min.   :35.40   8      : 879   Min.   :-4.89000 
     1st Qu.:1723   1st Qu.:24.00   1st Qu.: 0.02778   1st Qu.: 0.2500   1st Qu.: 2.469   1st Qu.:15.030   1st Qu.:  2.5479   1st Qu.:20.094   1st Qu.:0.1580   1st Qu.: 364794   1st Qu.:0.11008   1st Qu.: 307276   1st Qu.:13.64   1st Qu.:35.51   10     : 879   1st Qu.:-1.69000 
     Median :3444   Median :25.50   Median : 0.14158   Median : 0.3714   Median : 4.811   Median :21.435   Median :  5.9167   Median :24.859   Median :0.3320   Median : 459347   Median :0.21476   Median : 539558   Median :13.98   Median :35.51   7      : 747   Median : 0.20000 
     Mean   :3444   Mean   :25.32   Mean   : 0.55913   Mean   : 1.7403   Mean   : 8.801   Mean   :21.157   Mean   : 11.3557   Mean   :27.683   Mean   :0.3202   Mean   : 543028   Mean   :0.21417   Mean   : 523418   Mean   :13.94   Mean   :35.52   9      : 680   Mean   : 0.08938 
     3rd Qu.:5166   3rd Qu.:26.50   3rd Qu.: 0.36032   3rd Qu.: 1.5701   3rd Qu.: 9.667   3rd Qu.:26.324   3rd Qu.: 12.4959   3rd Qu.:35.153   3rd Qu.:0.4250   3rd Qu.: 774993   3rd Qu.:0.28116   3rd Qu.: 763083   3rd Qu.:14.21   3rd Qu.:35.52   6      : 559   3rd Qu.: 1.80000 
     Max.   :6888   Max.   :32.50   Max.   :37.66667   Max.   :19.3958   Max.   :75.000   Max.   :57.706   Max.   :115.5833   Max.   :68.736   Max.   :0.8490   Max.   :1565890   Max.   :0.39801   Max.   :1015595   Max.   :14.73   Max.   :35.61   5      : 521   Max.   : 5.08000 
     NA             NA              NA                 NA                NA               NA               NA                 NA               NA               NA                NA                NA                NA              NA              (Other):2623   NA               

## Rozklad wartosci

```r
data_dist <- w_duplicates %>% 
  select(-X) %>% 
  melt

ggplot(data_dist, aes(x= value)) + 
  geom_density(fill= "#2b8cbe") + 
  facet_wrap(~variable, scales= "free") +
  theme(axis.text.x = element_text(angle = 90, hjust = 1))
```

![](herring-analysis_files/figure-html/variable-distribution-1.png)<!-- -->

Zmienne, poza _length_, nie mają rozkładu normalnego.

# Korelacja zmiennych

```r
heatmaply(hetcor(as.data.frame(w_duplicates)), k_col = 2, k_row = 3)
```

<!--html_preserve--><div id="htmlwidget-933954b5d16cf6fad7ff" style="width:672px;height:480px;" class="plotly html-widget"></div>
<script type="application/json" data-for="htmlwidget-933954b5d16cf6fad7ff">{"x":{"data":[{"x":[7.21875,11.25,null,11.25,11.25,null,11.25,8.875,null,8.875,8.875,null,8.875,7.5,null,7.5,7.5,null,7.5,7,null,7,7,null,7.5,8,null,8,8,null,8.875,10.25,null,10.25,10.25,null,10.25,9.5,null,9.5,9.5,null,9.5,9,null,9,9,null,9.5,10,null,10,10,null,10.25,11,null,11,11,null,11.25,13.625,null,13.625,13.625,null,13.625,12.5,null,12.5,12.5,null,12.5,12,null,12,12,null,12.5,13,null,13,13,null,13.625,14.75,null,14.75,14.75,null,14.75,14,null,14,14,null,14.75,15.5,null,15.5,15.5,null,15.5,15,null,15,15,null,15.5,16,null,16,16],"y":[3.10853630161095,3.10853630161095,null,3.10853630161095,2.35760557202713,null,2.35760557202713,2.35760557202713,null,2.35760557202713,1.76255790950747,null,1.76255790950747,1.76255790950747,null,1.76255790950747,1.49483443264161,null,1.49483443264161,1.49483443264161,null,1.49483443264161,0,null,1.49483443264161,1.49483443264161,null,1.49483443264161,0,null,1.76255790950747,1.76255790950747,null,1.76255790950747,1.36393986406537,null,1.36393986406537,1.36393986406537,null,1.36393986406537,0.985776120951256,null,0.985776120951256,0.985776120951256,null,0.985776120951256,0,null,0.985776120951256,0.985776120951256,null,0.985776120951256,0,null,1.36393986406537,1.36393986406537,null,1.36393986406537,0,null,2.35760557202713,2.35760557202713,null,2.35760557202713,1.86947438301646,null,1.86947438301646,1.86947438301646,null,1.86947438301646,0.465504473099059,null,0.465504473099059,0.465504473099059,null,0.465504473099059,0,null,0.465504473099059,0.465504473099059,null,0.465504473099059,0,null,1.86947438301646,1.86947438301646,null,1.86947438301646,1.08117991067257,null,1.08117991067257,1.08117991067257,null,1.08117991067257,0,null,1.08117991067257,1.08117991067257,null,1.08117991067257,0.395902785731884,null,0.395902785731884,0.395902785731884,null,0.395902785731884,0,null,0.395902785731884,0.395902785731884,null,0.395902785731884,0],"text":["y: 3.11","y: 3.11",null,"y: 3.11","y: 3.11",null,"y: 2.36","y: 2.36",null,"y: 2.36","y: 2.36",null,"y: 1.76","y: 1.76",null,"y: 1.76","y: 1.76",null,"y: 1.49","y: 1.49",null,"y: 1.49","y: 1.49",null,"y: 1.49","y: 1.49",null,"y: 1.49","y: 1.49",null,"y: 1.76","y: 1.76",null,"y: 1.76","y: 1.76",null,"y: 1.36","y: 1.36",null,"y: 1.36","y: 1.36",null,"y: 0.99","y: 0.99",null,"y: 0.99","y: 0.99",null,"y: 0.99","y: 0.99",null,"y: 0.99","y: 0.99",null,"y: 1.36","y: 1.36",null,"y: 1.36","y: 1.36",null,"y: 2.36","y: 2.36",null,"y: 2.36","y: 2.36",null,"y: 1.87","y: 1.87",null,"y: 1.87","y: 1.87",null,"y: 0.47","y: 0.47",null,"y: 0.47","y: 0.47",null,"y: 0.47","y: 0.47",null,"y: 0.47","y: 0.47",null,"y: 1.87","y: 1.87",null,"y: 1.87","y: 1.87",null,"y: 1.08","y: 1.08",null,"y: 1.08","y: 1.08",null,"y: 1.08","y: 1.08",null,"y: 1.08","y: 1.08",null,"y: 0.4","y: 0.4",null,"y: 0.4","y: 0.4",null,"y: 0.4","y: 0.4",null,"y: 0.4","y: 0.4"],"key":null,"type":"scatter","mode":"lines","name":"(#009681,solid,1)","line":{"width":2.26771653543307,"color":"rgba(0,150,129,1)","dash":"solid"},"hoveron":"points","legendgroup":"(#009681,solid,1)","showlegend":true,"xaxis":"x","yaxis":"y","hoverinfo":"text"},{"x":[7.21875,3.1875,null,3.1875,3.1875,null,3.1875,1.5,null,1.5,1.5,null,1.5,1,null,1,1,null,1.5,2,null,2,2,null,3.1875,4.875,null,4.875,4.875,null,4.875,3.75,null,3.75,3.75,null,3.75,3,null,3,3,null,3.75,4.5,null,4.5,4.5,null,4.5,4,null,4,4,null,4.5,5,null,5,5,null,4.875,6,null,6,6],"y":[3.10853630161095,3.10853630161095,null,3.10853630161095,1.86686888458731,null,1.86686888458731,1.86686888458731,null,1.86686888458731,1.20305018227226,null,1.20305018227226,1.20305018227226,null,1.20305018227226,0,null,1.20305018227226,1.20305018227226,null,1.20305018227226,0,null,1.86686888458731,1.86686888458731,null,1.86686888458731,1.47599477095158,null,1.47599477095158,1.47599477095158,null,1.47599477095158,1.43016679288672,null,1.43016679288672,1.43016679288672,null,1.43016679288672,0,null,1.43016679288672,1.43016679288672,null,1.43016679288672,0.218318023690522,null,0.218318023690522,0.218318023690522,null,0.218318023690522,0,null,0.218318023690522,0.218318023690522,null,0.218318023690522,0,null,1.47599477095158,1.47599477095158,null,1.47599477095158,0],"text":["y: 3.11","y: 3.11",null,"y: 3.11","y: 3.11",null,"y: 1.87","y: 1.87",null,"y: 1.87","y: 1.87",null,"y: 1.2","y: 1.2",null,"y: 1.2","y: 1.2",null,"y: 1.2","y: 1.2",null,"y: 1.2","y: 1.2",null,"y: 1.87","y: 1.87",null,"y: 1.87","y: 1.87",null,"y: 1.48","y: 1.48",null,"y: 1.48","y: 1.48",null,"y: 1.43","y: 1.43",null,"y: 1.43","y: 1.43",null,"y: 1.43","y: 1.43",null,"y: 1.43","y: 1.43",null,"y: 0.22","y: 0.22",null,"y: 0.22","y: 0.22",null,"y: 0.22","y: 0.22",null,"y: 0.22","y: 0.22",null,"y: 1.48","y: 1.48",null,"y: 1.48","y: 1.48"],"key":null,"type":"scatter","mode":"lines","name":"(#CC476B,solid,1)","line":{"width":2.26771653543307,"color":"rgba(204,71,107,1)","dash":"solid"},"hoveron":"points","legendgroup":"(#CC476B,solid,1)","showlegend":true,"xaxis":"x","yaxis":"y","hoverinfo":"text"},{"x":[7.21875,3.1875,1.5,1,2,4.875,3.75,3,4.5,4,5,6,11.25,8.875,7.5,7,8,10.25,9.5,9,10,11,13.625,12.5,12,13,14.75,14,15.5,15,16],"y":[3.10853630161095,1.86686888458731,1.20305018227226,0,0,1.47599477095158,1.43016679288672,0,0.218318023690522,0,0,0,2.35760557202713,1.76255790950747,1.49483443264161,0,0,1.36393986406537,0.985776120951256,0,0,0,1.86947438301646,0.465504473099059,0,0,1.08117991067257,0,0.395902785731884,0,0],"text":["y: 3.11","y: 1.87","y: 1.2","y: 0","y: 0","y: 1.48","y: 1.43","y: 0","y: 0.22","y: 0","y: 0","y: 0","y: 2.36","y: 1.76","y: 1.49","y: 0","y: 0","y: 1.36","y: 0.99","y: 0","y: 0","y: 0","y: 1.87","y: 0.47","y: 0","y: 0","y: 1.08","y: 0","y: 0.4","y: 0","y: 0"],"key":null,"type":"scatter","mode":"markers","marker":{"autocolorscale":false,"color":"transparent","opacity":1,"size":null,"symbol":null,"line":{"width":1.88976377952756,"color":"transparent"}},"hoveron":"points","name":"(NA,1)","legendgroup":"(NA,1)","showlegend":true,"xaxis":"x","yaxis":"y","hoverinfo":"text"},{"type":"scatter","mode":"markers","marker":{"fillcolor":"rgba(31,119,180,1)","color":"rgba(214,39,40,1)","line":{"color":"transparent"}},"xaxis":"x2","yaxis":"y"},{"x":[1,2,3,4,5,6,7,8,9,10,11,12,13,14,15,16],"y":[1,2,3,4,5,6,7,8,9,10,11,12,13,14,15,16],"z":[[1,0.641566265060241,0.483132530120482,0.56566265060241,0.51566265060241,0.431927710843374,0.400602409638554,0.469277108433735,0.302409638554217,0.185542168674699,0.152409638554217,0.0801204819277108,0,0.26144578313253,0.225903614457831,0.209036144578313],[0.641566265060241,1,0.465060240963855,0.475903614457831,0.435542168674699,0.389156626506024,0.416265060240964,0.549397590361446,0.300602409638554,0.437951807228916,0.378915662650602,0.23433734939759,0.229518072289157,0.346385542168675,0.374096385542169,0.363855421686747],[0.483132530120482,0.465060240963855,1,0.557228915662651,0.510843373493976,0.425903614457831,0.401204819277108,0.418674698795181,0.396385542168675,0.364457831325301,0.3,0.33433734939759,0.33855421686747,0.478313253012048,0.514457831325301,0.522289156626506],[0.56566265060241,0.475903614457831,0.557228915662651,1,0.959036144578313,0.510843373493976,0.437951807228916,0.385542168674699,0.25,0.14578313253012,0.290361445783133,0.428313253012048,0.387951807228916,0.383132530120482,0.489156626506024,0.510843373493976],[0.51566265060241,0.435542168674699,0.510843373493976,0.959036144578313,1,0.501807228915663,0.429518072289157,0.36144578313253,0.268674698795181,0.157228915662651,0.321084337349398,0.460843373493976,0.424096385542169,0.399397590361446,0.524096385542169,0.550602409638554],[0.431927710843374,0.389156626506024,0.425903614457831,0.510843373493976,0.501807228915663,1,0.405421686746988,0.362650602409639,0.184939759036145,0.279518072289157,0.257228915662651,0.503012048192771,0.419879518072289,0.420481927710843,0.410843373493976,0.4],[0.400602409638554,0.416265060240964,0.401204819277108,0.437951807228916,0.429518072289157,0.405421686746988,1,0.393373493975904,0.384939759036145,0.389759036144578,0.383132530120482,0.398192771084337,0.396385542168675,0.398795180722892,0.403012048192771,0.407228915662651],[0.469277108433735,0.549397590361446,0.418674698795181,0.385542168674699,0.36144578313253,0.362650602409639,0.393373493975904,1,0.484939759036145,0.443373493975904,0.410843373493976,0.376506024096386,0.353614457831325,0.301204819277108,0.297590361445783,0.323493975903614],[0.302409638554217,0.300602409638554,0.396385542168675,0.25,0.268674698795181,0.184939759036145,0.384939759036145,0.484939759036145,1,0.675903614457831,0.542771084337349,0.22710843373494,0.321686746987952,0.275903614457831,0.309638554216867,0.342168674698795],[0.185542168674699,0.437951807228916,0.364457831325301,0.14578313253012,0.157228915662651,0.279518072289157,0.389759036144578,0.443373493975904,0.675903614457831,1,0.604819277108434,0.396385542168675,0.469879518072289,0.404819277108434,0.339759036144578,0.287951807228916],[0.152409638554217,0.378915662650602,0.3,0.290361445783133,0.321084337349398,0.257228915662651,0.383132530120482,0.410843373493976,0.542771084337349,0.604819277108434,1,0.521686746987952,0.557228915662651,0.466867469879518,0.430120481927711,0.418072289156627],[0.0801204819277108,0.23433734939759,0.33433734939759,0.428313253012048,0.460843373493976,0.503012048192771,0.398192771084337,0.376506024096386,0.22710843373494,0.396385542168675,0.521686746987952,1,0.92289156626506,0.482530120481928,0.426506024096386,0.429518072289157],[0,0.229518072289157,0.33855421686747,0.387951807228916,0.424096385542169,0.419879518072289,0.396385542168675,0.353614457831325,0.321686746987952,0.469879518072289,0.557228915662651,0.92289156626506,1,0.6,0.539759036144578,0.517469879518072],[0.26144578313253,0.346385542168675,0.478313253012048,0.383132530120482,0.399397590361446,0.420481927710843,0.398795180722892,0.301204819277108,0.275903614457831,0.404819277108434,0.466867469879518,0.482530120481928,0.6,1,0.795180722891566,0.593373493975904],[0.225903614457831,0.374096385542169,0.514457831325301,0.489156626506024,0.524096385542169,0.410843373493976,0.403012048192771,0.297590361445783,0.309638554216867,0.339759036144578,0.430120481927711,0.426506024096386,0.539759036144578,0.795180722891566,1,0.931927710843374],[0.209036144578313,0.363855421686747,0.522289156626506,0.510843373493976,0.550602409638554,0.4,0.407228915662651,0.323493975903614,0.342168674698795,0.287951807228916,0.418072289156627,0.429518072289157,0.517469879518072,0.593373493975904,0.931927710843374,1]],"text":[["value: 1<br>column: totaln<br>row: totaln","value: 0.4<br>column: recr<br>row: totaln","value: 0.14<br>column: cfin1<br>row: totaln","value: 0.28<br>column: lcop1<br>row: totaln","value: 0.2<br>column: chel1<br>row: totaln","value: 0.06<br>column: length<br>row: totaln","value: 0<br>column: xmonth<br>row: totaln","value: 0.12<br>column: sal<br>row: totaln","value: -0.16<br>column: sst<br>row: totaln","value: -0.35<br>column: nao<br>row: totaln","value: -0.41<br>column: X<br>row: totaln","value: -0.53<br>column: fbar<br>row: totaln","value: -0.66<br>column: cumf<br>row: totaln","value: -0.23<br>column: cfin2<br>row: totaln","value: -0.28<br>column: lcop2<br>row: totaln","value: -0.31<br>column: chel2<br>row: totaln"],["value: 0.4<br>column: totaln<br>row: recr","value: 1<br>column: recr<br>row: recr","value: 0.11<br>column: cfin1<br>row: recr","value: 0.13<br>column: lcop1<br>row: recr","value: 0.06<br>column: chel1<br>row: recr","value: -0.01<br>column: length<br>row: recr","value: 0.03<br>column: xmonth<br>row: recr","value: 0.25<br>column: sal<br>row: recr","value: -0.16<br>column: sst<br>row: recr","value: 0.07<br>column: nao<br>row: recr","value: -0.03<br>column: X<br>row: recr","value: -0.27<br>column: fbar<br>row: recr","value: -0.28<br>column: cumf<br>row: recr","value: -0.08<br>column: cfin2<br>row: recr","value: -0.04<br>column: lcop2<br>row: recr","value: -0.06<br>column: chel2<br>row: recr"],["value: 0.14<br>column: totaln<br>row: cfin1","value: 0.11<br>column: recr<br>row: cfin1","value: 1<br>column: cfin1<br>row: cfin1","value: 0.26<br>column: lcop1<br>row: cfin1","value: 0.19<br>column: chel1<br>row: cfin1","value: 0.05<br>column: length<br>row: cfin1","value: 0.01<br>column: xmonth<br>row: cfin1","value: 0.04<br>column: sal<br>row: cfin1","value: 0<br>column: sst<br>row: cfin1","value: -0.06<br>column: nao<br>row: cfin1","value: -0.16<br>column: X<br>row: cfin1","value: -0.1<br>column: fbar<br>row: cfin1","value: -0.1<br>column: cumf<br>row: cfin1","value: 0.13<br>column: cfin2<br>row: cfin1","value: 0.19<br>column: lcop2<br>row: cfin1","value: 0.21<br>column: chel2<br>row: cfin1"],["value: 0.28<br>column: totaln<br>row: lcop1","value: 0.13<br>column: recr<br>row: lcop1","value: 0.26<br>column: cfin1<br>row: lcop1","value: 1<br>column: lcop1<br>row: lcop1","value: 0.93<br>column: chel1<br>row: lcop1","value: 0.19<br>column: length<br>row: lcop1","value: 0.07<br>column: xmonth<br>row: lcop1","value: -0.02<br>column: sal<br>row: lcop1","value: -0.24<br>column: sst<br>row: lcop1","value: -0.42<br>column: nao<br>row: lcop1","value: -0.18<br>column: X<br>row: lcop1","value: 0.05<br>column: fbar<br>row: lcop1","value: -0.02<br>column: cumf<br>row: lcop1","value: -0.02<br>column: cfin2<br>row: lcop1","value: 0.15<br>column: lcop2<br>row: lcop1","value: 0.19<br>column: chel2<br>row: lcop1"],["value: 0.2<br>column: totaln<br>row: chel1","value: 0.06<br>column: recr<br>row: chel1","value: 0.19<br>column: cfin1<br>row: chel1","value: 0.93<br>column: lcop1<br>row: chel1","value: 1<br>column: chel1<br>row: chel1","value: 0.17<br>column: length<br>row: chel1","value: 0.05<br>column: xmonth<br>row: chel1","value: -0.06<br>column: sal<br>row: chel1","value: -0.21<br>column: sst<br>row: chel1","value: -0.4<br>column: nao<br>row: chel1","value: -0.13<br>column: X<br>row: chel1","value: 0.1<br>column: fbar<br>row: chel1","value: 0.04<br>column: cumf<br>row: chel1","value: 0<br>column: cfin2<br>row: chel1","value: 0.21<br>column: lcop2<br>row: chel1","value: 0.25<br>column: chel2<br>row: chel1"],["value: 0.06<br>column: totaln<br>row: length","value: -0.01<br>column: recr<br>row: length","value: 0.05<br>column: cfin1<br>row: length","value: 0.19<br>column: lcop1<br>row: length","value: 0.17<br>column: chel1<br>row: length","value: 1<br>column: length<br>row: length","value: 0.01<br>column: xmonth<br>row: length","value: -0.06<br>column: sal<br>row: length","value: -0.35<br>column: sst<br>row: length","value: -0.2<br>column: nao<br>row: length","value: -0.23<br>column: X<br>row: length","value: 0.18<br>column: fbar<br>row: length","value: 0.04<br>column: cumf<br>row: length","value: 0.04<br>column: cfin2<br>row: length","value: 0.02<br>column: lcop2<br>row: length","value: 0<br>column: chel2<br>row: length"],["value: 0<br>column: totaln<br>row: xmonth","value: 0.03<br>column: recr<br>row: xmonth","value: 0.01<br>column: cfin1<br>row: xmonth","value: 0.07<br>column: lcop1<br>row: xmonth","value: 0.05<br>column: chel1<br>row: xmonth","value: 0.01<br>column: length<br>row: xmonth","value: 1<br>column: xmonth<br>row: xmonth","value: -0.01<br>column: sal<br>row: xmonth","value: -0.02<br>column: sst<br>row: xmonth","value: -0.01<br>column: nao<br>row: xmonth","value: -0.02<br>column: X<br>row: xmonth","value: 0<br>column: fbar<br>row: xmonth","value: 0<br>column: cumf<br>row: xmonth","value: 0<br>column: cfin2<br>row: xmonth","value: 0.01<br>column: lcop2<br>row: xmonth","value: 0.02<br>column: chel2<br>row: xmonth"],["value: 0.12<br>column: totaln<br>row: sal","value: 0.25<br>column: recr<br>row: sal","value: 0.04<br>column: cfin1<br>row: sal","value: -0.02<br>column: lcop1<br>row: sal","value: -0.06<br>column: chel1<br>row: sal","value: -0.06<br>column: length<br>row: sal","value: -0.01<br>column: xmonth<br>row: sal","value: 1<br>column: sal<br>row: sal","value: 0.14<br>column: sst<br>row: sal","value: 0.08<br>column: nao<br>row: sal","value: 0.02<br>column: X<br>row: sal","value: -0.04<br>column: fbar<br>row: sal","value: -0.07<br>column: cumf<br>row: sal","value: -0.16<br>column: cfin2<br>row: sal","value: -0.17<br>column: lcop2<br>row: sal","value: -0.12<br>column: chel2<br>row: sal"],["value: -0.16<br>column: totaln<br>row: sst","value: -0.16<br>column: recr<br>row: sst","value: 0<br>column: cfin1<br>row: sst","value: -0.24<br>column: lcop1<br>row: sst","value: -0.21<br>column: chel1<br>row: sst","value: -0.35<br>column: length<br>row: sst","value: -0.02<br>column: xmonth<br>row: sst","value: 0.14<br>column: sal<br>row: sst","value: 1<br>column: sst<br>row: sst","value: 0.46<br>column: nao<br>row: sst","value: 0.24<br>column: X<br>row: sst","value: -0.28<br>column: fbar<br>row: sst","value: -0.13<br>column: cumf<br>row: sst","value: -0.2<br>column: cfin2<br>row: sst","value: -0.15<br>column: lcop2<br>row: sst","value: -0.09<br>column: chel2<br>row: sst"],["value: -0.35<br>column: totaln<br>row: nao","value: 0.07<br>column: recr<br>row: nao","value: -0.06<br>column: cfin1<br>row: nao","value: -0.42<br>column: lcop1<br>row: nao","value: -0.4<br>column: chel1<br>row: nao","value: -0.2<br>column: length<br>row: nao","value: -0.01<br>column: xmonth<br>row: nao","value: 0.08<br>column: sal<br>row: nao","value: 0.46<br>column: sst<br>row: nao","value: 1<br>column: nao<br>row: nao","value: 0.34<br>column: X<br>row: nao","value: 0<br>column: fbar<br>row: nao","value: 0.12<br>column: cumf<br>row: nao","value: 0.01<br>column: cfin2<br>row: nao","value: -0.1<br>column: lcop2<br>row: nao","value: -0.18<br>column: chel2<br>row: nao"],["value: -0.41<br>column: totaln<br>row: X","value: -0.03<br>column: recr<br>row: X","value: -0.16<br>column: cfin1<br>row: X","value: -0.18<br>column: lcop1<br>row: X","value: -0.13<br>column: chel1<br>row: X","value: -0.23<br>column: length<br>row: X","value: -0.02<br>column: xmonth<br>row: X","value: 0.02<br>column: sal<br>row: X","value: 0.24<br>column: sst<br>row: X","value: 0.34<br>column: nao<br>row: X","value: 1<br>column: X<br>row: X","value: 0.21<br>column: fbar<br>row: X","value: 0.26<br>column: cumf<br>row: X","value: 0.12<br>column: cfin2<br>row: X","value: 0.05<br>column: lcop2<br>row: X","value: 0.03<br>column: chel2<br>row: X"],["value: -0.53<br>column: totaln<br>row: fbar","value: -0.27<br>column: recr<br>row: fbar","value: -0.1<br>column: cfin1<br>row: fbar","value: 0.05<br>column: lcop1<br>row: fbar","value: 0.1<br>column: chel1<br>row: fbar","value: 0.18<br>column: length<br>row: fbar","value: 0<br>column: xmonth<br>row: fbar","value: -0.04<br>column: sal<br>row: fbar","value: -0.28<br>column: sst<br>row: fbar","value: 0<br>column: nao<br>row: fbar","value: 0.21<br>column: X<br>row: fbar","value: 1<br>column: fbar<br>row: fbar","value: 0.87<br>column: cumf<br>row: fbar","value: 0.14<br>column: cfin2<br>row: fbar","value: 0.05<br>column: lcop2<br>row: fbar","value: 0.05<br>column: chel2<br>row: fbar"],["value: -0.66<br>column: totaln<br>row: cumf","value: -0.28<br>column: recr<br>row: cumf","value: -0.1<br>column: cfin1<br>row: cumf","value: -0.02<br>column: lcop1<br>row: cumf","value: 0.04<br>column: chel1<br>row: cumf","value: 0.04<br>column: length<br>row: cumf","value: 0<br>column: xmonth<br>row: cumf","value: -0.07<br>column: sal<br>row: cumf","value: -0.13<br>column: sst<br>row: cumf","value: 0.12<br>column: nao<br>row: cumf","value: 0.26<br>column: X<br>row: cumf","value: 0.87<br>column: fbar<br>row: cumf","value: 1<br>column: cumf<br>row: cumf","value: 0.34<br>column: cfin2<br>row: cumf","value: 0.24<br>column: lcop2<br>row: cumf","value: 0.2<br>column: chel2<br>row: cumf"],["value: -0.23<br>column: totaln<br>row: cfin2","value: -0.08<br>column: recr<br>row: cfin2","value: 0.13<br>column: cfin1<br>row: cfin2","value: -0.02<br>column: lcop1<br>row: cfin2","value: 0<br>column: chel1<br>row: cfin2","value: 0.04<br>column: length<br>row: cfin2","value: 0<br>column: xmonth<br>row: cfin2","value: -0.16<br>column: sal<br>row: cfin2","value: -0.2<br>column: sst<br>row: cfin2","value: 0.01<br>column: nao<br>row: cfin2","value: 0.12<br>column: X<br>row: cfin2","value: 0.14<br>column: fbar<br>row: cfin2","value: 0.34<br>column: cumf<br>row: cfin2","value: 1<br>column: cfin2<br>row: cfin2","value: 0.66<br>column: lcop2<br>row: cfin2","value: 0.32<br>column: chel2<br>row: cfin2"],["value: -0.28<br>column: totaln<br>row: lcop2","value: -0.04<br>column: recr<br>row: lcop2","value: 0.19<br>column: cfin1<br>row: lcop2","value: 0.15<br>column: lcop1<br>row: lcop2","value: 0.21<br>column: chel1<br>row: lcop2","value: 0.02<br>column: length<br>row: lcop2","value: 0.01<br>column: xmonth<br>row: lcop2","value: -0.17<br>column: sal<br>row: lcop2","value: -0.15<br>column: sst<br>row: lcop2","value: -0.1<br>column: nao<br>row: lcop2","value: 0.05<br>column: X<br>row: lcop2","value: 0.05<br>column: fbar<br>row: lcop2","value: 0.24<br>column: cumf<br>row: lcop2","value: 0.66<br>column: cfin2<br>row: lcop2","value: 1<br>column: lcop2<br>row: lcop2","value: 0.89<br>column: chel2<br>row: lcop2"],["value: -0.31<br>column: totaln<br>row: chel2","value: -0.06<br>column: recr<br>row: chel2","value: 0.21<br>column: cfin1<br>row: chel2","value: 0.19<br>column: lcop1<br>row: chel2","value: 0.25<br>column: chel1<br>row: chel2","value: 0<br>column: length<br>row: chel2","value: 0.02<br>column: xmonth<br>row: chel2","value: -0.12<br>column: sal<br>row: chel2","value: -0.09<br>column: sst<br>row: chel2","value: -0.18<br>column: nao<br>row: chel2","value: 0.03<br>column: X<br>row: chel2","value: 0.05<br>column: fbar<br>row: chel2","value: 0.2<br>column: cumf<br>row: chel2","value: 0.32<br>column: cfin2<br>row: chel2","value: 0.89<br>column: lcop2<br>row: chel2","value: 1<br>column: chel2<br>row: chel2"]],"colorscale":[[0,"#440154"],[0.0801204819277108,"#481E6F"],[0.14578313253012,"#46337F"],[0.152409638554217,"#453581"],[0.157228915662651,"#453781"],[0.184939759036145,"#423F85"],[0.185542168674699,"#423F85"],[0.209036144578313,"#404688"],[0.225903614457831,"#3E4B8A"],[0.22710843373494,"#3E4C8A"],[0.229518072289157,"#3D4D8A"],[0.23433734939759,"#3D4E8A"],[0.25,"#3B528B"],[0.257228915662651,"#3A548C"],[0.26144578313253,"#39558C"],[0.268674698795181,"#38578C"],[0.275903614457831,"#38598C"],[0.279518072289157,"#375A8C"],[0.287951807228916,"#365C8D"],[0.290361445783133,"#365D8D"],[0.297590361445783,"#355F8D"],[0.3,"#35608D"],[0.300602409638554,"#34608D"],[0.301204819277108,"#34608D"],[0.302409638554217,"#34608D"],[0.309638554216867,"#33628D"],[0.321084337349398,"#32658E"],[0.321686746987952,"#32658E"],[0.323493975903614,"#32658E"],[0.33433734939759,"#31688E"],[0.33855421686747,"#30698E"],[0.339759036144578,"#306A8E"],[0.342168674698795,"#306A8E"],[0.346385542168675,"#2F6B8E"],[0.353614457831325,"#2E6D8E"],[0.36144578313253,"#2E6F8E"],[0.362650602409639,"#2E6F8E"],[0.363855421686747,"#2D708E"],[0.364457831325301,"#2D708E"],[0.374096385542169,"#2C718E"],[0.376506024096386,"#2C728E"],[0.378915662650602,"#2C738E"],[0.383132530120482,"#2B748E"],[0.384939759036145,"#2B748E"],[0.385542168674699,"#2B748E"],[0.387951807228916,"#2B758E"],[0.389156626506024,"#2B758E"],[0.389759036144578,"#2B758E"],[0.393373493975904,"#2A768E"],[0.396385542168675,"#2A778E"],[0.398192771084337,"#2A788E"],[0.398795180722892,"#2A788E"],[0.399397590361446,"#2A788E"],[0.4,"#2A788E"],[0.400602409638554,"#2A788E"],[0.401204819277108,"#2A788E"],[0.403012048192771,"#29798E"],[0.404819277108434,"#29798E"],[0.405421686746988,"#29798E"],[0.407228915662651,"#297A8E"],[0.410843373493976,"#297B8E"],[0.416265060240964,"#287C8E"],[0.418072289156627,"#287D8E"],[0.418674698795181,"#287D8E"],[0.419879518072289,"#287D8E"],[0.420481927710843,"#287D8E"],[0.424096385542169,"#277E8E"],[0.425903614457831,"#277F8E"],[0.426506024096386,"#277F8E"],[0.428313253012048,"#277F8E"],[0.429518072289157,"#27808E"],[0.430120481927711,"#27808E"],[0.431927710843374,"#27808E"],[0.435542168674699,"#26818E"],[0.437951807228916,"#26828E"],[0.443373493975904,"#26828E"],[0.460843373493976,"#24878E"],[0.465060240963855,"#23888E"],[0.466867469879518,"#23888E"],[0.469277108433735,"#23898E"],[0.469879518072289,"#23898E"],[0.475903614457831,"#238A8D"],[0.478313253012048,"#228B8D"],[0.482530120481928,"#228C8D"],[0.483132530120482,"#228C8D"],[0.484939759036145,"#228D8D"],[0.489156626506024,"#218E8D"],[0.501807228915663,"#21918C"],[0.503012048192771,"#21918C"],[0.510843373493976,"#20928C"],[0.514457831325301,"#20938C"],[0.51566265060241,"#20938C"],[0.517469879518072,"#1F948C"],[0.521686746987952,"#1F958B"],[0.522289156626506,"#1F958B"],[0.524096385542169,"#1F968B"],[0.539759036144578,"#1F9A8A"],[0.542771084337349,"#1F9A8A"],[0.549397590361446,"#1E9C89"],[0.550602409638554,"#1E9C89"],[0.557228915662651,"#1F9E89"],[0.56566265060241,"#1FA088"],[0.593373493975904,"#21A685"],[0.6,"#22A884"],[0.604819277108434,"#23A983"],[0.641566265060241,"#2DB27D"],[0.675903614457831,"#39B977"],[0.795180722891566,"#77D153"],[0.92289156626506,"#CBE11E"],[0.931927710843374,"#D1E21B"],[0.959036144578313,"#E4E419"],[1,"#FDE725"]],"type":"heatmap","showscale":false,"autocolorscale":false,"showlegend":false,"xaxis":"x","yaxis":"y2","hoverinfo":"text","name":""},{"x":[0.5,16.5],"y":[0.5,16.5],"name":"99_e87eab95f5e0284ddfdbbd9de2923bdf","type":"scatter","mode":"markers","opacity":0,"hoverinfo":"none","showlegend":false,"marker":{"color":[0,1],"colorscale":[[0,"#470E61"],[0.0625000000000001,"#482475"],[0.125,"#453781"],[0.1875,"#3F4889"],[0.25,"#375A8C"],[0.3125,"#30698E"],[0.375,"#2A778E"],[0.4375,"#24868E"],[0.5,"#1F948C"],[0.5625,"#1FA287"],[0.625,"#2CB17E"],[0.6875,"#42BE71"],[0.75,"#62CB5F"],[0.8125,"#86D549"],[0.875,"#AEDC30"],[0.9375,"#D7E219"],[1,"#FDE725"]],"colorbar":{"bgcolor":"rgba(255,255,255,1)","bordercolor":"transparent","borderwidth":1.88976377952756,"thickness":23.04,"title":null,"titlefont":{"color":"rgba(0,0,0,1)","family":"","size":14.6118721461187},"tickmode":"array","ticktext":["-0.5","0.0","0.5","1.0"],"tickvals":[0.0625000000000001,0.375,0.6875,1],"tickfont":{"color":"rgba(0,0,0,1)","family":"","size":11.689497716895},"ticklen":2,"len":0.5}},"xaxis":"x","yaxis":"y2"},{"x":[2.35760557202713,2.35760557202713,null,2.35760557202713,1.86947438301646,null,1.86947438301646,1.86947438301646,null,1.86947438301646,0.465504473099059,null,0.465504473099059,0.465504473099059,null,0.465504473099059,0,null,0.465504473099059,0.465504473099059,null,0.465504473099059,0,null,1.86947438301646,1.86947438301646,null,1.86947438301646,1.08117991067257,null,1.08117991067257,1.08117991067257,null,1.08117991067257,0,null,1.08117991067257,1.08117991067257,null,1.08117991067257,0.395902785731884,null,0.395902785731884,0.395902785731884,null,0.395902785731884,0,null,0.395902785731884,0.395902785731884,null,0.395902785731884,0],"y":[11.25,13.625,null,13.625,13.625,null,13.625,12.5,null,12.5,12.5,null,12.5,12,null,12,12,null,12.5,13,null,13,13,null,13.625,14.75,null,14.75,14.75,null,14.75,14,null,14,14,null,14.75,15.5,null,15.5,15.5,null,15.5,15,null,15,15,null,15.5,16,null,16,16],"text":["y: 2.36","y: 2.36",null,"y: 2.36","y: 2.36",null,"y: 1.87","y: 1.87",null,"y: 1.87","y: 1.87",null,"y: 0.47","y: 0.47",null,"y: 0.47","y: 0.47",null,"y: 0.47","y: 0.47",null,"y: 0.47","y: 0.47",null,"y: 1.87","y: 1.87",null,"y: 1.87","y: 1.87",null,"y: 1.08","y: 1.08",null,"y: 1.08","y: 1.08",null,"y: 1.08","y: 1.08",null,"y: 1.08","y: 1.08",null,"y: 0.4","y: 0.4",null,"y: 0.4","y: 0.4",null,"y: 0.4","y: 0.4",null,"y: 0.4","y: 0.4"],"key":null,"type":"scatter","mode":"lines","name":"(#0082CE,solid,1)","line":{"width":2.26771653543307,"color":"rgba(0,130,206,1)","dash":"solid"},"hoveron":"points","legendgroup":"(#0082CE,solid,1)","showlegend":true,"xaxis":"x2","yaxis":"y2","hoverinfo":"text"},{"x":[2.35760557202713,2.35760557202713,null,2.35760557202713,1.76255790950747,null,1.76255790950747,1.76255790950747,null,1.76255790950747,1.49483443264161,null,1.49483443264161,1.49483443264161,null,1.49483443264161,0,null,1.49483443264161,1.49483443264161,null,1.49483443264161,0,null,1.76255790950747,1.76255790950747,null,1.76255790950747